146801495800327762601063
146002193370130801321466
142504403490482512168860
148300378390507446583586
071610501546
146502713650411202049769
144901468710323094338285
144802594880417236410336
145602791320101196720226
071610501546
071610501546
146600672570566187564915
147601034610159110237230
145400900251598465114779
147100481721165412357036
144600278912378234399201
145500521220270177268839
144400427530628290741396
147000391221611590175019
145100998960520218654332
147300979100833596175724
147700581850585897140848
147500563771567745800748
148400185532064319573275
146700128870531047069419
147900713560957874090973
144700403450801809741506
143101314480279768471761
142403274080674676525367
145200780420330987812065
146101303300787197029229
147400264800189520408970
145800578500868690052338
140501432560294173313223
145000991470525386739410
144000914030566452546165
