146800489380479564883992
146002744440104224136558
142503646690165914362219
143902128700174624579511
147200153950321007785867
0
144900419370378520717386
144801659190261716383990
145601172980446214267081
0
145000811510258463285774
146600457520838691205416
140806572782089007911240
145400467781985155331303
146300746501145700099892
147100269471903749270541
0
144400390672134103202654
139300582191437898329008
145100541760319523783338
147300304390880641637363
142303368121647874811689
0
147000212161640958516680
146100662670704597796686
147900431060834646530685
144701142850794395638851
144000725440879310610508
142403052060985809706462
144300852700881486393023
144100652830858412418530
139500893450702129639825
145800285510318082170552
140501534410951182002339
