0
146002744440150549959983
142503646690452171698428
143902128700241369659546
0
146501201390148626135726
144900217260294018485963
144801659190313696720521
145601172980446214267081
148200205180808115526091
145000811510472793997408
0
140806396350716454512641
145400427721706317321596
146300696731598073777237
147100279391738914917778
145500198980959993752669
0
139300582192115185
145100541760630631135353
147300283090594525648628
142303368141135491582227
142901751102019385957568
145800285510459196719715
146100662670999643982063
147900255460090205685328
144701142850879013766014
144000725440978360101421
142403020620127573214186
144300852700973640169206
144100652830922677976781
139500893450878467834496
