0
146002744440141357276409
142503646690292911030817
143902128700215436793464
0
146501201390082751013491
144900217260098688348180
144801659190291936895324
145601172980446214267081
148200205180525792379368
145000811510404575254133
146600457520983138264775
0
145400427720705080898961
146300696730451706771723
147100279390750645307698
145500198980352680617430
0
139300582191861011710976
145100541760515167746122
147300283090294015021886
142303368140673346857072
142901751101749200366015
147000212162507430910703
146100662670954075852926
0
144701142850866839592125
144000725440953554422766
0
144300852700969957150198
144100652830922677976781
139500893450828902843057
145800285510414906791917
