0
146002744440186784216390
142503646690462594406876
143902128700241369659546
140010095110018442450756
146501201390181560024077
144900217260348700442274
144801659190333854969319
145601172980446214267081
148200205180890855497007
145000811510540653654522
146600457530925620536455
140806396270207237219239
145400427722003657764885
146300696731917679707415
147100279391995643551769
145500198980998567066733
144400320020049264104672
139300582192177393955584
145100541760732961141643
147300283090690182331122
142303368141489786629068
142901751102147199344028
145800285510493817782580
146100662670999643982063
147900255460110984237423
144701142850879013766014
144000725440978360101421
142403020620191165430483
144300852700995761700830
144100652830972659903670
139500893450886463256358
