146800489380467941714281
146002744440091952187047
142503646690165914362219
143902128700161227505191
147200153950306002391688
0
144900419370325767129021
144801659190252829152221
145601172980446214267081
0
145000811510208687989163
146600457520766687884720
140806572781243645196785
145400467781529078905502
146300746500342529823351
147100269471572453532445
145500199112374573462914
144400390672062862334050
139300582191391656131893
145100541760167032188836
147300304390749471725070
142303368121377034280450
142901041002480434458757
147000212161431113816680
146100662670704597796686
147900431060804990127862
144701142850794395638851
0
142403052060957431233739
144300852700876015510019
144100652830844339406347
139500893450660716032414
145800285510251621855629
140501534410944047981887
