146800489380382505865998
146002744440091952187047
142503646690144358504928
143902128700156128573387
147200153950204310255350
0
144900419370066055013263
144801659190242104511270
145601375040445757609903
0
148200318520985505585867
146600457520421662905219
140806572800392521273257
145400436812290818896392
146300754960908326439701
0
145500199111800793277539
144400390671756445334032
139300582191006649007023
0
147300304390247511326978
142303532652358389568233
142901041001472960129523
147000212161051227441761
0
147900431060480815748575
144701142850670901409545
0
142403052060906068878684
144300852700827016913347
144100652830726089286427
139500893450543107472986
145800285510129439925240
140501534410790163260913
0
0
