0
146002744440186784216390
142503646690503197828785
143902128700250237968192
140010095110018442450756
146501201390206859585661
144900217260457457431292
144801659190358890574075
145601172980474033484488
148200205180961290054183
145000811510563823095246
146600457530949672412741
140806396271049210679994
145400427722284656622363
146300696732391191717111
147100279392265630546603
145500198981047344491868
144400320020144205294969
139300582192227058680273
145100541760946192351164
147300283090898353882187
142303368142200309010601
142901778920165899822924
145800285510513230330844
146100662670999643982063
147900255460188263419853
144701142850879013766014
144000725440991644091768
142403020620315404031891
144300852700995761700830
144100652831005741515211
139500893450994872500785
