0
146002744440238909810055
0
143902128700270237968192
140010095110098442450756
146501201390283346683441
141903630450016086659820
144801659190391266925477
145601172980506214267081
0
145000811510605989904568
146600457531007075050370
140806364311086711126961
145400427720211616106245
146300741011678303697977
0
145500198981101643658294
144400320020340428499608
0
139300582192437302124809
0
0
142901778920782115036468
145800285510556877894549
146100662671002539188883
147900255460370207415592
144701142850899881887834
144000725441009310610508
142403020620518357114319
144300852700996718987240
144100652831008182762606
