0
146002744440150549959983
142503646690336632703107
143902128700241369659546
0
146501201390107943456563
144900217260180615375991
144801659190291936895324
145601172980446214267081
148200205180650486648908
145000811510430367329109
146600457520991537876697
0
145400427721224137863886
146300696731273551498285
147100279391295936254811
145500198980620983696002
0
139300582192006721400390
145100541760575803872141
147300283090457852966684
142303368140796270217733
142901751101871067987567
145800285510435016395277
146100662670979113674131
147900255460017022622039
144701142850866839592125
144000725440960948928711
142403020620012775546060
144300852700973640169206
144100652830922677976781
139500893450859564045725
