146800489380447370092129
146002744440091952187047
142503646690165914362219
143902128700161227505191
147200153950286044297707
0
144900419370238168437001
144801659190252829152221
145601172980446214267081
0
145000811510042179265058
146600457520693795617578
140806572780703381677432
145400467781098267666673
0
147100269471270359389063
145500199112103136812091
144400390671931322801627
139300582191315425189984
145100541760133541490517
147300304390677696673190
142303368120833263864133
142901041002226373051198
147000212161334253695040
146100662670704597796686
147900431060654421290937
144701142850769045517794
0
142403052060948416810335
144300852700850146912560
144100652830826075070013
139500893450646885550539
145800285510198365881777
140501534410915833737926
