146800489380284997762987
0
142503646690063904106945
143902128700156128573387
147200153950166235745883
146501754060331550015940
0
144801659190229999788949
145601375040432004059635
141903630450496459180955
148200318520809512683616
146600457520305492585042
140806546580517409436375
145400436811180903409693
146300764371897702784263
147100355911845042906570
145500199111184226464902
144400390671449049600114
139300582190724948743626
145100825520855159333257
147300168140976761839451
142303532651485650948911
142901041000738370483947
147000212160701769408098
0
147900431060344694965242
144701142850599338043941
143101293000938115732271
142403052060865265671972
144300852700786718987240
144100652830700448942117
139500893450493122977570
145800285510037675462637
140501534410590469909314
140700937070850928428775
144201102390978994679961
