146800489380216844520167
0
142503646690037941667370
143902128700156128573387
147200153950112214060508
146501754060228135566259
0
144801659190229999788949
145601375040397359013254
141903630450483255368670
148200318520640640814073
146600457520200085484118
140806632400920638874668
145400436810230634229310
146300764370547889882696
147100355911289903196470
145500199111115841838205
144400390671142461272081
139300582190584525006427
145100825520692100882057
147300168140748621279994
142303532651037454248621
142901041000312983750100
147000212160537551944723
0
147900431060323836188053
144701142850561333851982
143101293000757482011990
1424030520608652656710972
0
144100652830661439562779
139500893450453384006357
145800290571005679322672
140501534410528474984248
140700937070834175737385
144201102390842680201715
