0
146002744440112360922362
142503646690228589081790
143902128700215436793460
147200153950502692414281
146501201390066955177357
0
144801659190291936895324
145601172980446214267081
148200205180344850684417
145000811510343820967605
146600457520970026957680
140806491611203450716536
145400427720351584282630
146300746502411936744110
147100279390241497503401
145500198980315646468637
144400390672487516658854
139300582191733306829314
145100541760423707435217
147300283090112109609928
142303368140324033974496
142901751101523457962523
147000212162507430910703
146100662670901456625921
147900431061002052047571
144701142850866839592125
144000725440949918470917
142403052061009730685890
144300852700949293163069
144100652830882736852329
139500893450752971311974
145800285510392703805627
