146800489380500339291879
146002744440104224136558
142503646690181403567699
143902128700215436793464
147200153950333693525078
0
144900419370465093888923
144801659190261716383990
145601172980446214267081
148200205180090834090896
145000811510293082731226
146600457520927911117599
140806491601556082601521
145400467782438319854594
146300746501620813356488
147100269472287350920132
145500198980254379043745
144400390672237992393899
139300582191485516117643
145100541760360099126586
147300304390925079729133
142303368122402970851408
142901751100745996568849
147000212161983309730107
146100662670744503686946
147900431060952112992895
144701142850811453035329
144000725440909706045420
142403052060990976158600
144300852700913531600227
144100652830875038347969
139500893450702129639825
145800285510340231865811
140501534411009398403729
