146800489380313741479038
146002744440019668640533
142503646690071826567843
143902128700156128573387
147200153950176194944869
146501754060369326909582
0
144801659190229999788949
145601375040432004059635
141903630450506086659820
148200318520873909162497
146600457520336211530425
140806572790906793767747
145400436811539064773974
146300764372365135902213
147100355912196571752824
145500199111565679552925
144400390671547736224046
139300582190860977368253
145100825520929414343128
147300304390057669581163
142303532651857285993589
142901041000940935966554
147000212160916268151936
0
147900431060393171305484
144701142850623085895857
1431012930009704483963
142403052060865265671972
144300852700786718987240
144100652830700448942117
139500893450519865908609
145800285510075944360291
140501534410673508268983
140700937070860986653590
144201102390988782719793
