146800489380427309470877
146002744440091952187047
142503646690165914362219
143902128700161227505191
147200153950275964777116
0
144900419370211233053344
144801659190252829152221
145601375040501508521853
0
145000811510036951682782
146600457520606796041037
140806572802316456860298
145400467780359327900931
146300754962065207112509
147100269470547293184902
145500199112055935213404
144400390671891210763744
139300582191276417958295
145100541760078022101097
147300304390516066246797
142303368120362319968230
142901041001948933609915
147000212161264323715050
0
147900431060616248341049
144701142850730293051286
0
142403052060932540603680
144300852700850146912560
144100652830781475626843
139500893450583507378884
145800285510176732058106
140501534410874448929624
