0
146002744440112360922362
142503646690202426192955
143902128700215436793464
147200153950494382765561
146501201390018735551062
0
144801659190281757735763
145601172980446214267081
148200205180240774324197
145000811510329954400294
146600457520962742130232
0
0
146300746502074870186363
147100279390088044245762
145500198980254379043745
144400390672335325947891
139300582191596872595256
145100541760402415842234
0
0
142901751101255599297835
147000212162150888427899
146100662670888145053671
147900431060972033016289
144701142850866839592125
144000725440931052884965
142403052061009730685890
144300852700927241107143
144100652830882736852329
139500893450714011939623
145800285510380985245774
140501534411009398403729
