146800489380368932619373
146002744440065489004795
142503646690100452054639
143902128700156128573387
147200153950191111824253
146501754060491490703151
144900419370013022757835
144801659190238057501499
145601375040432004059635
141903630450506086659820
148200318520967494869180
146600457520369164297367
140806572792320021392231
145400436811945370636351
146300754960459523252988
0
145500199111583583672492
144400390671631153530832
139300582190927223733897
145100825520994231976071
147300304390184863924042
142303532652140621847646
142901041001307749701686
147000212160948178224424
0
147900431060428904047987
144701142850623085895857
143101293000988120473782
142403052060865265671972
144300852700805349534538
144100652830710445222587
139500893450535035692239
145800285510081389106042
140501534410688148462936
140700937070993860502933
144201102390988782719793
