0
146002744440198909810055
0
143902128700250237968192
140010095110018442450756
146501201390213346683441
0
144801659190391266925477
145601172980503904163952
0
145000811510595989904568
146600457531000730244267
0
0
146300741010537731294403
0
145500198981081643658294
144400320020230428499608
139300582192357302124809
0
0
0
142901778920342115036468
145800285510526877894549
146100662671007312527312
147900255460270207415592
144701142850889881887834
144000725441009016171983
142403020620438357114319
144300852700995761700830
144100652831005741515211
0
