146800489380418504553106
146002744440091952187047
142503646690158174905609
143902128700161227505191
147200153950262838542062
0
144900419370199440531544
144801659190252829152221
145601375040495220006555
0
145000811510023132379920
146600457520548746532793
140806572801352368354433
145400467780065048525208
146300754961473565581065
147100269470243178917718
145500199111975489363879
144400390671852346288044
139300582191207993619300
0
147300304390331738215662
0
142901041001788797566500
147000212161252029016922
0
147900431060560507042836
144701142850713189362017
0
142403052060932540603680
144300852700846124139043
144100652830773456312364
139500893450568477641978
145800285510144349589306
140501534410843183747060
