146800489380237064461634
0
142503646690050360102048
143902128700156128573387
147200153950112214060508
146501754060252484222290
0
144801659190229999788949
145601375040414112165026
141903630450496459180955
148200318520722729503136
146600457520242715231204
140806632401892885505284
145400436810520473931353
146300764371332195736097
147100355911513334022634
145500199111123409263048
144400390671335785931516
139300582190639790351793
145100825520776156198734
147300168140795891057487
142303532651244670706723
142901041000613111097426
147000212160592552668092
0
147900431060323836188053
144701142850599338043941
143101293000830850622162
142403052060865265671972
0
144100652830693645685805
139500893450471451524702
145800285510020090500060
140501534410547350466456
140700937070845078448292
144201102390978994679961
