161100401800895092799689
161300194520326315113334
156801103480214133137081
153300768670907186601773
161000279771008852214192
160700533130724911815978
151000938170569664783084
157201121140560406481712
161200448140013527990633
160400168150641773714830
26100805734
160000488080141718314361
158600764780415214578596
154903722720375188043367
157700778740451626178307
159600843980021517924878
160902129220400266
26100805734
160301535410026105691246
158904078330098797602904
159502472480468812919325
156102713280499484642425
26100805734
160600440530351328047845
155803150830221072817956
158402456570480679472511
152802918150224395596932
159901240460398774880211
158500654930010817825481
154602335560481412882056
148903464620471634530920
151203351330052738172560
161900333702426688851228
158800703380942070022754
159700375810023370016728
156900393511012946696368
153201974332295701450899
160800340612302699803459
157300431852484367177478
155600897220031158220635
155206276062452855834564
159800218820148909357908
157401459880102109968607
26100805734
155701159182457023440614
159400703280276740324278
154101766851007758577370
158700992150237923112370