161100401800945912400445
161300194520421157578188
156801103480228118254861
153300768670911666983020
161000279771008852214192
160700533130746592658118
151000938170569664783084
15720112
161200448140041700782720
160400168150699067501079
26100805734
160000488080181742345627
158600764780438629648319
154903722720388451965303
157700778740467836258838
159600843980065374895902
160902129220437599995094
1900025800735249
160301535410033961577546
158904078330104022192932
159502472480488915209338
156102713280509307714656
26100805734
16060044053035
155803150830230481458247
26100805734
152802918150224395596932
159901240460398774880211
158500654930010817825481
154602335560481412882056
148903464620471634530920
151203351330052738172560
161900061470126730149421
158800703381089592318541
159700375810039331703590
156900393511026753865435
153201974332295701450899
160800340612322980585666
157300431852497470151839
155600897220074722462567
155206276090247811843185
159800218820481851194444
157401459880102109968607
161400207260154689042564
26100805734
159400703280292342564324
26100805734
158700992150259575499234